[   9   40   41   49   57   69   70   72   97  122  135  145  152  157
  163  166  170  192  200  212  216  240  243  244  248  255  263  265
  298  311  320  329  333  334  349  381  399  420  423  424  425  438
  459  464  467  473  494  510  528  577  591  599  603  615  667  672
  683  713  717  764  787  824  829  836  852  863  866  906  908  925
  928  930  942  946  969  970  979  981 1008 1032 1068 1078 1110 1133
 1146 1154 1168 1169 1171 1191 1218 1232 1234 1244 1254 1286 1328 1350
 1357 1378 1401 1423 1489 1497 1500 1503 1521 1559 1564 1615 1629 1645
 1650 1675 1677 1687 1692 1706 1720 1737 1781 1782 1787 1788 1812 1817
 1821 1839 1842 1851 1870 1932 1944 1971 1988 1992 1997 2043 2046 2062
 2082 2086 2097]
cluster 0
143 elements
[   6   13   21   37   71   84  124  133  137  142  176  197  202  205
  252  275  278  279  301  309  313  315  318  337  342  361  374  406
  415  436  471  472  478  500  503  507  508  511  516  523  538  561
  618  631  635  655  671  692  747  753  777  791  796  804  815  853
  856  867  935  940  956  984  991 1036 1074 1085 1086 1107 1109 1114
 1132 1134 1241 1263 1289 1293 1299 1300 1315 1326 1367 1370 1384 1407
 1414 1472 1494 1535 1539 1552 1582 1638 1654 1659 1685 1698 1721 1727
 1740 1744 1777 1785 1840 1845 1868 1915 1925 1951 1974 1980 1984 2017
 2028 2030 2072 2089]
cluster 1
116 elements
[   0   11   44   48   92  121  326  345  355  389  398  401  487  492
  502  551  648  656  658  698  733  737  757  771  920  983 1005 1006
 1007 1010 1037 1060 1113 1143 1145 1152 1202 1226 1273 1311 1314 1323
 1327 1374 1375 1412 1428 1482 1516 1619 1702 1719 1783 1795 1814 1819
 1838 1865 1916 1999 2006 2007 2058]
cluster 2
63 elements
[  52   89  114  118  140  153  159  167  172  187  211  257  261  269
  290  297  299  307  317  354  357  370  382  386  387  402  428  442
  444  446  448  491  539  544  548  556  575  581  589  638  646  657
  661  673  822  833  842  884  907  916  919  921 1042 1058 1059 1091
 1116 1122 1125 1136 1142 1155 1160 1179 1205 1206 1209 1220 1246 1265
 1272 1332 1338 1339 1349 1355 1389 1394 1403 1448 1459 1498 1509 1522
 1534 1545 1579 1600 1611 1624 1636 1648 1658 1663 1667 1690 1697 1714
 1725 1733 1738 1743 1745 1750 1757 1780 1793 1816 1825 1844 1849 1852
 1854 1862 1866 1869 1876 1886 1894 1927 1933 1939 1977 2001 2010 2022
 2025 2055 2063 2084 2102 2107]
cluster 3
132 elements
[  23   24   51   85  104  120  127  131  189  193  215  294  324  340
  353  371  430  432  440  504  546  590  602  650  679  682  691  718
  734  761  768  801  813  825  830  832  835  861  862  865  880  899
  910  937 1080 1101 1243 1245 1247 1264 1290 1342 1380 1398 1405 1430
 1451 1485 1502 1510 1548 1553 1565 1575 1617 1618 1628 1631 1674 1681
 1689 1700 1707 1770 1771 1772 1786 1797 1804 1806 1832 1874 1911 1958
 1968 1975 1991 2041 2080]
cluster 4
89 elements
[  20   30   34  103  106  112  113  154  190  191  203  254  281  284
  304  323  331  346  397  400  404  422  447  474  475  486  490  498
  515  521  543  554  558  563  567  585  594  605  606  626  637  640
  696  697  707  712  722  725  726  748  765  779  780  805  812  826
  838  869  872  876  953  974  990  992  994 1002 1011 1022 1050 1053
 1063 1075 1077 1083 1115 1148 1178 1184 1192 1207 1215 1223 1262 1275
 1281 1317 1320 1348 1351 1361 1395 1396 1413 1437 1465 1477 1496 1525
 1526 1530 1538 1541 1544 1569 1585 1593 1597 1607 1608 1610 1644 1684
 1726 1742 1754 1766 1773 1815 1822 1881 1883 1888 1890 1891 1906 1910
 1912 1920 1935 1946 1960 1976 2004 2013]
cluster 5
134 elements
[   8   10   16   18   25   28   42   45   46   54   61   62   63   73
   77   80   87   88  117  128  150  155  188  199  213  222  232  236
  242  249  262  267  268  270  285  287  292  295  296  302  332  347
  360  364  367  388  391  413  414  426  462  463  469  484  509  532
  537  566  583  595  596  604  613  617  623  633  639  649  652  665
  666  668  670  675  676  680  690  695  703  708  710  714  719  732
  740  743  769  784  786  789  818  819  827  854  871  873  903  905
  913  917  924  934  943  944  949  962  968  989  993 1000 1015 1023
 1026 1040 1046 1064 1066 1087 1111 1128 1130 1165 1166 1186 1198 1230
 1239 1250 1255 1259 1268 1274 1279 1288 1296 1302 1316 1321 1322 1330
 1337 1340 1346 1363 1364 1383 1390 1391 1392 1404 1408 1418 1419 1432
 1455 1457 1458 1479 1490 1499 1504 1513 1517 1519 1523 1528 1529 1549
 1557 1558 1560 1571 1583 1587 1589 1595 1635 1640 1652 1693 1705 1708
 1712 1749 1755 1800 1808 1810 1811 1813 1824 1831 1843 1847 1848 1850
 1855 1859 1887 1893 1899 1913 1963 1969 1986 2020 2040 2048 2050 2056
 2059 2067 2081 2092]
cluster 6
214 elements
[   5   15   32   35   65   78   90  100  105  143  148  156  160  173
  177  182  184  214  227  241  245  247  258  264  282  283  314  393
  416  419  457  468  479  481  483  499  512  529  530  593  616  628
  630  642  684  694  727  742  758  767  774  775  781  783  802  847
  857  895  900  909  914  933  936  947  951  964  985  986  998  999
 1001 1004 1016 1028 1035 1041 1044 1056 1070 1071 1092 1098 1104 1105
 1117 1147 1180 1185 1190 1204 1211 1212 1233 1240 1282 1283 1292 1295
 1307 1329 1336 1345 1353 1372 1409 1417 1420 1439 1443 1446 1453 1460
 1464 1471 1473 1524 1531 1540 1550 1554 1561 1574 1596 1655 1656 1680
 1735 1753 1767 1784 1807 1826 1828 1829 1834 1907 1930 1956 1966 1985
 1993 2000 2008 2011 2016 2021 2026 2051 2070 2078 2101 2104]
cluster 7
152 elements
[   4  116  175  186  303  352  377  408  417  429  451  517  533  550
  578  651  669  731  754  766  776  782  790  793  828  875  877  888
  901  945  959  975 1034 1052 1065 1069 1159 1167 1177 1189 1200 1252
 1309 1360 1376 1388 1462 1478 1495 1508 1518 1547 1555 1568 1601 1637
 1657 1694 1709 1730 1746 1769 1802 1857 1929 1937 1941 1983 1989 2014
 2032 2039 2093 2094 2105]
cluster 8
75 elements
[  19   26   33   50   53   75   96   99  107  123  158  161  165  174
  185  218  226  229  251  288  293  338  368  435  445  453  482  493
  527  569  571  574  582  601  610  625  627  663  664  681  688  705
  706  715  736  785  795  811  817  820  834  837  845  848  849  850
  851  883  886  890  965  973  997 1027 1038 1048 1054 1084 1095 1097
 1123 1126 1149 1161 1193 1210 1227 1235 1256 1258 1266 1269 1277 1287
 1298 1312 1324 1331 1356 1358 1381 1402 1416 1421 1427 1441 1442 1447
 1467 1483 1492 1505 1511 1512 1520 1533 1537 1562 1563 1592 1625 1627
 1630 1651 1662 1665 1669 1678 1686 1691 1699 1701 1704 1713 1716 1722
 1728 1736 1748 1765 1789 1798 1827 1864 1871 1900 1918 1922 1942 1973
 1979 1982 1994 1996 2012 2015 2027 2047 2068 2077]
cluster 9
150 elements
[   7   31   58   66   79   82  109  115  126  134  138  141  162  181
  183  195  206  217  221  224  259  260  274  277  310  322  325  335
  350  365  383  403  407  418  421  456  466  470  485  496  497  513
  522  535  536  552  559  576  597  600  607  622  632  643  647  662
  678  687  716  738  746  750  760  762  773  794  803  823  839  846
  860  868  879  881  887  889  897  904  911  912  922  927  929  952
  955  958  966  971  988  996 1003 1019 1043 1045 1047 1076 1093 1144
 1153 1156 1157 1172 1174 1182 1195 1196 1213 1221 1229 1231 1236 1242
 1249 1251 1253 1267 1284 1294 1303 1304 1341 1343 1373 1385 1386 1400
 1440 1454 1486 1488 1515 1532 1543 1570 1577 1578 1604 1633 1642 1647
 1664 1673 1676 1724 1741 1760 1761 1792 1794 1801 1823 1833 1872 1877
 1880 1884 1885 1896 1898 1934 1938 1945 1949 1965 1972 1987 1990 2024
 2034 2036 2066 2096 2100]
cluster 10
173 elements
[  55   83   86  119  132  146  169  179  196  198  209  220  223  233
  272  316  328  339  363  376  378  379  392  411  452  458  480  506
  518  520  547  549  573  584  592  598  620  629  641  653  659  660
  674  677  689  699  723  728  730  739  745  752  755  831  840  841
  882  891  893  896  932  939  941  954  961  967  978  982  995 1013
 1014 1021 1031 1055 1073 1081 1090 1102 1121 1129 1140 1173 1176 1183
 1237 1257 1260 1291 1310 1318 1333 1344 1354 1359 1362 1365 1387 1393
 1399 1411 1422 1429 1434 1436 1444 1461 1476 1481 1514 1542 1546 1556
 1566 1572 1573 1584 1591 1602 1622 1632 1668 1670 1672 1682 1747 1756
 1759 1775 1790 1805 1809 1818 1841 1856 1861 1867 1875 1892 1895 1897
 1901 1903 1908 1928 1931 1950 1952 1959 1964 1995 2005 2018 2033 2044
 2049 2053 2054 2060 2075 2088 2090]
cluster 11
161 elements
[  14   27   36   74   95  136  344  348  356  395  405  427  476  477
  514  519  534  588  624  772  799  843  898  902  950 1012 1030 1051
 1061 1062 1103 1119 1137 1139 1158 1175 1194 1208 1214 1224 1261 1270
 1313 1371 1431 1435 1551 1594 1606 1613 1639 1643 1666 1679 1695 1710
 1729 1762 1776 1779 1791 1853 1889 1902 1940 2029 2061]
cluster 12
67 elements
[  12   43   94  101  102  108  111  149  194  225  237  238  289  308
  312  319  321  351  375  380  396  410  431  437  439  460  495  524
  540  560  644  700  756  892  923  926  972 1018 1025 1033 1049 1201
 1276 1278 1285 1301 1325 1415 1438 1452 1469 1475 1484 1487 1501 1506
 1536 1590 1598 1605 1614 1626 1646 1688 1696 1732 1734 1778 1882 1905
 1909 1914 1923 1948 1961 2038 2052 2071 2076 2085]
cluster 13
80 elements
[   2   39   47   98  129  201  204  228  234  246  250  280  286  372
  501  541  545  555  562  580  609  619  621  654  744  788  797  800
  806  810  938 1112 1124 1187 1197 1217 1219 1335 1406 1463 1588 1599
 1609 1616 1621 1623 1758 1799 1835 1846 1917 1947 1954 1962 1970 1998
 2035 2042 2064]
cluster 14
59 elements
[  17   22   56   67  164  168  207  210  231  327  336  362  433  488
  525  564  579  611  612  645  701  724  751  759  792  808  809  816
  821  855  870  878  915  918  931 1082 1100 1150 1151 1164 1188 1216
 1225 1238 1248 1280 1297 1306 1382 1410 1425 1433 1450 1507 1580 1660
 1718 1768 1774 1836 1873 1879 1919 1924 1978 2002 2045 2073 2074 2083
 2095]
cluster 15
71 elements
[  60   68   81   91  144  147  151  171  180  208  219  230  271  276
  330  341  384  409  434  454  455  553  568  572  587  608  686  693
  702  711  721  741  763  770  778  798  807  814  858  864  874  885
  960  987 1029 1057 1067 1099 1108 1118 1131 1135 1138 1141 1271 1319
 1397 1426 1474 1480 1527 1576 1586 1620 1634 1653 1661 1731 1763 1764
 1830 1837 1863 1878 1904 1921 1926 1936 1943 1981 2003 2009 2019 2037
 2065 2069 2079 2103 2106]
cluster 16
89 elements
[   3   38  125  256  273  306  358  373  385  394  443  465  526  565
  709  749  948  957  977 1094 1127 1181 1334 1449 1456 1470 1491 1567
 1641 1715 1723 1803 1953 1957 2091]
cluster 17
35 elements
[  64   76  235  253  266  291  305  359  366  369  390  412  461  489
  570  586  634  636  735  844  976 1017 1039 1079 1096 1162 1163 1305
 1352 1366 1368 1369 1377 1424 1466 1468 1603 1703 1717 1739 1796 1820
 1858 2057]
cluster 18
44 elements
[   1   29   59   93  110  130  139  178  239  300  343  441  449  450
  505  531  542  557  614  685  704  720  729  859  894  963  980 1009
 1020 1024 1072 1088 1089 1106 1120 1170 1199 1203 1222 1228 1308 1347
 1379 1445 1493 1581 1612 1649 1671 1683 1711 1751 1752 1860 1955 1967
 2023 2031 2087 2098 2099]
cluster 19
61 elements
