[  76  111  130  139  186  225  238  266  308  312  375  380  410  431
  439  505  540  560  570  578  636  644  892  926  976 1005 1017 1120
 1163 1177 1201 1202 1278 1285 1301 1308 1368 1369 1377 1438 1452 1466
 1469 1501 1506 1536 1614 1646 1703 1717 1732 1734 1739 1778 1779 1820
 1882 1914 1923 1961 2031 2057 2076]
cluster 0
63 elements
[   5   15   35   45   52   65   73   77   90  105  143  148  153  159
  172  173  177  182  184  187  214  227  241  258  261  264  268  270
  282  287  290  302  314  357  360  370  382  386  393  416  419  426
  428  444  448  468  479  481  483  491  499  512  529  537  539  544
  575  589  616  617  623  628  630  638  642  661  665  695  714  723
  732  774  775  781  818  827  847  857  889  909  914  933  944  947
  968  985  986  989  998 1016 1026 1028 1035 1040 1058 1059 1091 1105
 1116 1117 1128 1130 1160 1180 1190 1198 1204 1206 1211 1212 1229 1233
 1240 1251 1255 1265 1279 1282 1283 1292 1295 1322 1329 1338 1353 1364
 1372 1389 1403 1408 1439 1443 1446 1453 1455 1459 1471 1473 1490 1499
 1522 1524 1528 1529 1531 1540 1545 1546 1550 1561 1577 1579 1600 1624
 1636 1693 1697 1743 1745 1753 1755 1761 1767 1780 1793 1800 1807 1824
 1826 1828 1829 1833 1834 1843 1849 1850 1859 1862 1866 1876 1887 1899
 1933 1949 1956 1966 1986 1990 1993 2000 2001 2011 2016 2021 2022 2040
 2048 2070 2078 2084 2101]
cluster 1
201 elements
[   3   30   34  103  125  137  154  190  191  203  223  230  254  256
  273  279  284  304  306  309  313  323  330  346  394  400  422  465
  472  474  486  498  503  515  521  526  538  543  554  558  563  585
  608  637  640  697  707  712  726  748  780  804  812  815  826  838
  869  872  876  935  953  957  974  990  994 1011 1022 1029 1074 1075
 1094 1115 1126 1127 1134 1223 1262 1271 1275 1281 1334 1351 1361 1395
 1396 1406 1414 1465 1472 1526 1582 1585 1593 1607 1608 1610 1685 1715
 1723 1726 1742 1764 1766 1815 1818 1840 1881 1883 1888 1890 1891 1912
 1946 1960 1974 1976 1980 2037 2053 2079]
cluster 2
120 elements
[  18   37   61   84   91  144  147  151  171  176  180  208  252  275
  278  286  301  341  342  371  384  406  409  436  454  455  500  511
  516  523  568  572  587  596  635  669  671  675  686  692  693  702
  711  721  741  770  777  778  793  798  810  819  853  856  858  864
  874  875  877  880  960  984  987 1036 1085 1086 1107 1108 1118 1138
 1141 1197 1200 1264 1299 1300 1319 1342 1346 1383 1397 1426 1474 1480
 1504 1525 1527 1552 1586 1595 1617 1618 1620 1634 1652 1653 1661 1727
 1731 1744 1830 1837 1860 1868 1878 1904 1915 1917 1926 1936 1943 1968
 1981 2003 2009 2018 2023 2030 2064 2072 2103 2106]
cluster 3
122 elements
[   0   26   33   48  107  116  161  165  174  185  251  288  293  338
  348  395  435  453  460  493  502  527  551  569  574  582  610  624
  627  656  663  664  705  706  715  736  757  795  817  820  834  837
  848  849  850  965  973  997 1027 1054 1095 1097 1145 1193 1210 1227
 1235 1258 1266 1270 1287 1298 1314 1324 1331 1358 1381 1388 1402 1416
 1441 1442 1467 1470 1483 1505 1511 1512 1533 1562 1563 1625 1630 1643
 1662 1665 1669 1678 1691 1699 1713 1729 1748 1765 1776 1789 1900 1918
 1929 1973 1979 1996 2027 2029 2077]
cluster 4
105 elements
[   9   28   42   49   57   70   79   97  114  122  152  157  163  166
  183  216  221  224  240  248  255  257  269  311  320  322  333  334
  349  381  399  407  424  438  459  464  466  473  494  497  510  528
  530  556  559  577  591  597  599  603  607  615  646  667  678  683
  713  727  735  742  783  784  787  794  802  824  829  836  852  900
  906  908  919  928  966  970 1008 1032 1042 1043 1068 1092 1093 1136
 1146 1154 1155 1171 1172 1185 1191 1232 1234 1242 1244 1253 1254 1284
 1286 1288 1303 1328 1336 1339 1343 1349 1350 1378 1385 1394 1401 1423
 1454 1486 1489 1497 1500 1503 1515 1521 1523 1543 1559 1570 1574 1578
 1596 1604 1615 1629 1645 1650 1656 1675 1676 1680 1687 1692 1706 1737
 1760 1784 1787 1792 1812 1823 1839 1851 1870 1880 1896 1932 1971 1972
 1987 1988 1992 1997 2008 2024 2026 2043 2062 2082 2102]
cluster 5
165 elements
[   8   63  117  132  150  155  199  211  246  249  262  283  285  295
  307  316  317  332  354  364  388  391  402  413  442  443  458  463
  480  506  509  520  566  573  581  592  598  649  660  666  674  676
  694  740  752  831  871  884  905  924  932  941  962  978  995 1019
 1023 1031 1056 1070 1071 1102 1140 1142 1165 1179 1205 1209 1260 1296
 1302 1321 1330 1337 1355 1392 1399 1419 1429 1436 1448 1458 1461 1476
 1481 1498 1509 1534 1560 1571 1589 1611 1640 1648 1663 1690 1705 1714
 1725 1733 1738 1750 1757 1775 1813 1816 1831 1844 1847 1854 1867 1869
 1886 1893 1913 1927 1931 1963 1977 2025 2033 2050 2054 2063 2067 2090
 2107]
cluster 6
127 elements
[   4    6   13   19   21   50   53   71   75   81   96   99  120  124
  158  175  202  205  218  226  229  303  318  337  352  353  368  374
  377  408  415  417  429  445  451  471  482  507  517  550  561  571
  601  618  625  631  651  655  681  688  731  747  753  766  776  782
  785  790  791  796  807  811  828  845  851  883  886  888  890  901
  940  945  959  975 1038 1048 1052 1065 1069 1084 1109 1123 1132 1149
 1161 1167 1184 1189 1241 1252 1256 1263 1269 1277 1289 1293 1309 1312
 1326 1356 1367 1370 1376 1384 1421 1427 1447 1475 1478 1492 1493 1494
 1495 1508 1518 1520 1537 1539 1547 1568 1592 1601 1627 1638 1651 1654
 1686 1694 1698 1701 1704 1709 1716 1722 1728 1730 1736 1740 1746 1769
 1777 1785 1798 1827 1845 1857 1864 1871 1920 1922 1937 1941 1942 1982
 1983 1984 1989 1994 2012 2013 2015 2017 2019 2028 2032 2047 2068 2089
 2094 2105]
cluster 7
170 elements
[  62   68   78   88   89  100  127  156  160  197  201  219  222  271
  292  296  299  324  362  367  432  434  446  478  504  532  553  564
  583  593  595  668  680  690  734  761  763  800  814  913  934  949
 1015 1041 1057 1067 1147 1181 1307 1340 1363 1391 1557 1565 1583 1599
 1609 1616 1635 1660 1735 1782 1804 1808 1848 1852 1855 1863 1903 1911
 1969 1975 2035 2065 2074 2081]
cluster 8
76 elements
[  17   23   24   41   51   54   69   72  133  145  164  170  188  189
  193  200  212  215  243  244  265  276  294  315  329  420  423  430
  440  467  546  579  590  602  604  639  650  679  682  691  717  718
  719  724  764  768  786  801  813  816  830  832  835  861  862  865
  866  867  878  885  899  903  910  917  925  931  937  942  946  956
  969  979  980  981  991 1046 1064 1066 1080 1082 1101 1110 1131 1133
 1169 1225 1239 1243 1247 1259 1268 1297 1316 1390 1398 1404 1405 1430
 1451 1457 1462 1479 1485 1502 1507 1510 1519 1548 1549 1558 1564 1575
 1576 1628 1631 1674 1677 1700 1707 1720 1721 1763 1771 1772 1781 1786
 1788 1797 1806 1810 1817 1821 1842 1874 1919 1921 1951 1958 1991 2039
 2041 2069 2073 2080 2097]
cluster 9
145 elements
[  98  204  220  234  345  355  372  398  501  555  562  609  619  621
  654  657  709  733  744  788  797  809  822  844  938 1037 1079 1112
 1124 1159 1187 1219 1424 1463 1484 1555 1588 1621 1623 1649 1667 1758
 1783 1835 1858 1916 1947 1953 1970 1998]
cluster 10
50 elements
[  12   43   59   85   94  101  102  104  108  110  131  149  192  194
  228  237  239  289  298  319  321  340  351  396  414  425  437  449
  450  495  508  524  531  533  611  672  700  729  754  825  863  923
  972 1018 1025 1033 1034 1049 1106 1135 1218 1222 1228 1245 1276 1280
 1335 1380 1415 1445 1487 1553 1580 1590 1598 1605 1626 1637 1657 1681
 1689 1696 1711 1752 1802 1832 1846 1873 1905 1909 1924 1944 1948 1955
 2014 2045 2052 2085 2087 2093]
cluster 11
90 elements
[  38   86  113  119  233  331  339  363  378  379  389  392  447  452
  487  492  594  629  641  658  659  689  722  728  739  755  840  891
  893  916  921  961  982 1063 1073 1077 1121 1148 1173 1178 1257 1273
 1291 1317 1320 1327 1344 1362 1387 1411 1413 1434 1437 1444 1477 1541
 1544 1572 1573 1584 1619 1622 1644 1672 1684 1702 1747 1759 1795 1809
 1814 1822 1841 1856 1875 1894 1897 1910 1964 1995 2060 2075]
cluster 12
82 elements
[  83  118  140  169  196  272  297  326  328  411  518  547  548  549
  584  652  673  730  745  841  842  854  896  907  939  954  967 1013
 1014 1021 1055 1090 1125 1129 1176 1183 1220 1237 1272 1310 1318 1332
 1333 1354 1365 1393 1422 1514 1542 1556 1566 1587 1591 1602 1632 1658
 1668 1670 1682 1790 1805 1825 1861 1892 1895 1901 1908 1928 1939 1952
 1959 2005 2044 2088]
cluster 13
74 elements
[  10   25   87  128  195  232  236  242  245  247  260  267  274  403
  421  462  469  470  484  613  622  633  670  687  703  743  758  760
  769  789  833  873  882  895  912  922  943  951  964  993  996 1000
 1001 1003 1004 1087 1098 1104 1111 1156 1157 1166 1186 1250 1267 1294
 1345 1373 1386 1409 1417 1418 1420 1440 1460 1464 1513 1517 1554 1655
 1708 1712 1749 1811 1877 1930 1985 2051 2055 2056 2092 2104]
cluster 14
82 elements
[  16   22   39   56   67  129  135  168  206  207  210  213  231  327
  433  457  488  525  541  545  580  612  645  647  701  751  759  767
  792  808  821  855  870  915  918  936  988 1044 1045 1100 1150 1151
 1164 1188 1216 1238 1246 1248 1306 1382 1410 1425 1432 1433 1450 1532
 1647 1718 1768 1774 1799 1836 1879 1954 1962 1978 2002 2042 2083 2095
 2100]
cluster 15
71 elements
[  20   46   55   60   80  106  112  146  179  198  209  281  347  376
  397  404  475  490  567  605  606  620  626  653  677  696  699  710
  725  765  779  805  977  992 1002 1050 1053 1081 1083 1192 1207 1215
 1230 1274 1348 1359 1407 1456 1496 1530 1538 1567 1569 1597 1641 1754
 1756 1773 1906 1935 1950 1957 2004 2010 2020 2049 2059]
cluster 16
67 elements
[   7   31   32   40   58   64   66   82  109  115  126  134  138  141
  162  167  181  217  259  263  277  291  305  310  325  335  336  350
  359  365  369  383  387  418  456  485  496  513  522  535  536  552
  576  600  632  643  662  684  716  738  746  750  762  773  803  806
  823  839  846  860  868  879  881  887  897  904  911  920  927  929
  930  952  955  958  971  999 1047 1076 1078 1122 1144 1153 1168 1174
 1182 1195 1196 1213 1217 1221 1231 1236 1249 1304 1341 1357 1400 1488
 1633 1642 1664 1673 1724 1741 1794 1801 1872 1884 1885 1898 1907 1934
 1938 1945 1965 2034 2036 2046 2066 2086 2096]
cluster 17
121 elements
[   1    2   29   47   93  142  178  250  300  343  358  361  373  385
  401  441  542  557  565  614  685  704  708  720  749  859  894  948
  963 1009 1020 1024 1072 1088 1089 1099 1114 1170 1199 1203 1290 1315
 1347 1360 1375 1379 1449 1491 1535 1581 1612 1659 1671 1683 1751 1770
 1803 1925 1967 2091 2098 2099]
cluster 18
62 elements
[  11   14   27   36   44   74   92   95  121  123  136  235  253  280
  344  356  366  390  405  412  427  461  476  477  489  514  519  534
  586  588  634  648  698  737  756  771  772  799  843  898  902  950
  983 1006 1007 1010 1012 1030 1039 1051 1060 1061 1062 1096 1103 1113
 1119 1137 1139 1143 1152 1158 1162 1175 1194 1208 1214 1224 1226 1261
 1305 1311 1313 1323 1325 1352 1366 1371 1374 1412 1428 1431 1435 1468
 1482 1516 1551 1594 1603 1606 1613 1639 1666 1679 1688 1695 1710 1719
 1762 1791 1796 1819 1838 1853 1865 1889 1902 1940 1999 2006 2007 2038
 2058 2061 2071]
cluster 19
115 elements
